1606332936 375177
1606402906 375211
1606419035 375272
1606419544 375269
1606899863 375271
1607032818 375312
1607092659 375324
1607092746 375517
1607092808 375520
1607100605 375520
1607116866 375526
1607119526 375526
1607122453 375526
1607127345 375562
1607127369 375564
1607127423 375525
1607127469 375524
1607127522 375781
1607127703 376056
1607199466 376056
1607200711 376220
1607200743 376220
1607200901 376220
1607203042 376220
1607206073 408055
1607206409 408055
1607208427 408083
1607210865 408132
1607211188 408142
1607211241 408152
1607238883 407806
1607238892 407695
1607238898 407584
1607238907 407578
1607238937 376348
1607239078 376317
1607239152 407888
1607243993 441355
1607247819 441356
1607247910 441363
1607252513 441367
1607252532 507963
1607253187 507963
1607253248 507963
1607255723 541369
1607256638 541369
1607260244 541381
1607260405 541045
1607261216 541377
1607265774 541382
1607265786 541382
1607285217 541380
1607288800 541385
1607288829 541423
1607289177 541429
1607289253 541431
1607289293 541461
1607289700 541465
1607289814 541488
1607290547 541493
1607290568 541516
1607290606 541518
1607291103 541523
1607291131 541552
1607291422 541557
1607291453 541592
1607294716 541594
1607297852 541683
1607297862 542127
1607298055 542129
1607298176 542159
1607298330 542159
1607298598 542161
1607298638 542278
1607298672 542374
1607298700 542518
1607298721 542661
1607298744 542760
1607300521 542774
1607300643 542774
1607300691 542842
1607300801 542842
1607301167 542831
1607301187 542785
1607301231 542751
1607301366 543235
1607301413 574730
1607301480 608398
1607301546 608230
1607301583 606295
1607301589 606130
1607301595 606010
1607301602 606004
1607301618 605973
1607301634 574730
1607301765 574730
1607301772 574730
1607301777 574730
1607301783 574730
1607301804 574730
1607301809 574730
1607301814 574730
1607301819 574730
1607301877 608398
1607301907 639979
1607301978 639979
1607301988 639979
1607302003 639979
1607302014 639979
1607302024 639979
1607302048 639979
1607302058 639979
1607302065 639979
1607302075 639979
1607302083 639979
1607302092 639979
1607302099 639979
1607302106 639979
1607302113 639979
1607302915 639979
1607302950 639979
1607303567 639979
1607303587 639979
1607303607 639979
1607303664 639982
1607305445 639989
1607335752 640009
1607349804 640043
1607355601 640043
1607355903 640044
1607356114 640044
1607356130 640044
1607357207 640058
1607357789 640055
1607357875 640049
1607358053 640049
1607358632 640045
1607363146 640047
1607364292 640043
1607366640 640052
1607367005 640058
1607367373 640059
1607369319 640059
1607370398 640073
1607370473 672948
1607370527 673071
1607370581 673387
1607371178 673383
1607372036 673447
1607372197 704767
1607373311 704874
1607374000 704984
1607374221 705071
1607374536 705242
1607374596 705243
1607378821 705581
1607379051 705714
1607385681 705818
1607385857 738548
1607385969 738548
1607386040 738567
1607388205 738539
1607388225 738557
1607389452 738557
1607393441 738579
1607399375 739055
1607399399 739056
1607399434 739056
1607428703 739104
1607428826 739103
1607429039 739069
1607429116 739069
1607429328 739068
1607431936 739067
1607432650 770453
1607432841 770453
1607435935 605413
1607435992 605413
1607440401 605413
1607440913 605417
1607441454 605417
1607441734 605453
1607442005 605573
1607442042 605573
1607442092 605573
1607443325 605574
1607443513 605574
1607444446 605575
1607444467 605572
1607444489 605570
1607444512 605570
1607445357 605541
1607445479 605369
1607448326 605369
1607448453 605369
1607451681 605369
1607451690 605369
1607451709 605376
1607451731 605382
1607451751 605388
1607451781 605574
